   20    76   -42    11   -94   -28   -21    66    18    92     1    70    41   -66     0     0     0     0     0     0
  -15   100   -20    62    -3   -35     3   -26    39     8    91    85   -79   -92     0     0     0     0     0     0
   92    76   -36   -79   -16    65   -36     0   -23   -41    28   -40    33     4     0     0     0     0     0     0
   99   -57    57   -92     9    47    51    42    99   -83    51   -32    75   -19     0     0     0     0     0     0
  -96   -21    64    28    10   -71    13    80    97    89    42   -80   -47    96     1     0     0     0     0     0
   99    49    86   -63   -72   -71   -17    15   -54   -64    66    30    75    74     0    -1     0     0     0     0
  -49   -25    -8    98    74   -24    66    38    44    24   -80   -97    60     1     0     0     1     0     0     0
   64    66    61    97    28    58    51    69    81    79    11    28    66    90     0     0     0     1     0     0
    4    12    84    15    13    54    49    37    14    88    50    52    22    69     0     0     0     0     1     0
   67     4    81     5    99    49    95    72    10    41    56     9    15    95     0     0     0     0     0     1
end of matrix
  144   118    27   247   205   152   123    33     2     3
end of restrictions
   88   -32    65    -8   -76    29     7    22    89   -47    54    80    67    -3     0     0     0     0     0     0
end of costs