    68    69    19    33    32    67    39    77    37    89    70     2    26    93    -1     0     0     0     0     0     0     0     0     0
    88    30    71    93    48    93    95    29    24    54    92    55    79    79    0    -1     0     0     0     0     0     0     0     0
    54    23    66    19    81    22    43    77    82    83    32    94    14    90    0     0    -1     0     0     0     0     0     0     0
    48    99    31     4    35   100    99    91    83     0    95    46    65    11    0     0     0    -1     0     0     0     0     0     0
    29    83    10    88    30    40    25    29    47    54    42     2    27    14    0     0     0     0    -1     0     0     0     0     0
    84    18    42     2    64    39    15    71    51    98    64    40    93    89    0     0     0     0     0    -1     0     0     0     0
    25    35    78    46    42    27    55    13    26    98    32    22   100    11    0     0     0     0     0     0    -1     0     0     0
    63    19    90    86    38    49    12     0    83    44    64    46    11    85    0     0     0     0     0     0     0    -1     0     0
    91     6    19    84    41    63    74    25   100    37    82    37    24    96    0     0     0     0     0     0     0     0    -1     0
    99     6    43    58    96    13    57     0    90    50    35    92    11    90    0     0     0     0     0     0     0     0     0    -1
end of matrix
   720   929   779   806   519   769   609   689   778   739
end of restrictions
-55   -45   -53   -60    -3   -99   -13   -20   -15   -73   -54    -7   -17   -95     0     0     0     0     0     0     0     0     0     0