   -81   -53   -47    38    -4    22   -38    80    50   -23    82   -40    34    -6    0     0     0     0     0     0
    87    59   -80   -86   -93   -25    67    25    46   -68    -5    95    16   -27    0     0     0     0     0     0
    21    26    54    24   -59    68   -49    31    18     9    88   -32   -78   -17    0     0     0     0     0     0
    81   -99   -24   -23    90    19   -42   -21     4    57    97    85   -47    15    0     0     0     0     0     0
   -34    27    21    12    95   -91    62     9    58    35    89    61    44    62    1     0     0     0     0     0
    99    41    74   -18   -77     1   -31   -53    77   -53   -18   -17   -14    70    0     1     0     0     0     0
   100   -33    87   -47    76    43   -45   -59    18    99    82   -96  -100   -42    0     0    -1     0     0     0
    85     5    52    80    93    91     2    15     9     1    51    65    17    68    0     0     0     1     0     0
    86    48    23    37    33    65    81    55    52    33    41    40    80    46    0     0     0     0     1     0
    55    68    96    26     2    59    54    44    64    61    10    53    79    66    0     0     0     0     0     1
end of matrix
    14    11   104   192   451    82    82    66    16    41
end of restrictions
    75   -77    96    43    60   -75   -10    -6   -40    13    75   -81    67   -24    0     0     0     0     0     0