   83    44    93    13    39    45    30    23    90    14    30    59    83    37    -1     0     0     0     0     0     0     0     0     0
   68    10    23    24    25    35    32    31    35    98    96    38    39    96     0    -1     0     0     0     0     0     0     0     0
   24    25    44    19    74    38    14    93    88    44    65    92    30    66     0     0    -1     0     0     0     0     0     0     0
   25    37    20    64    43    15    72    20     6    99    40    53    78    59     0     0     0    -1     0     0     0     0     0     0
   88    65     2    47    70    61     5    89    51    71    42    16    10    54     0     0     0     0    -1     0     0     0     0     0
    1    28    25    76    62    95    64     1    48    85    49     7    36    42     0     0     0     0     0    -1     0     0     0     0
    8    85    15    35    46    39    13    74    96    92    61    72    31    90     0     0     0     0     0     0    -1     0     0     0
   30    83    68    32    70    61    70    81     9    78    85    18    57    37     0     0     0     0     0     0     0    -1     0     0
   59    15    23    65    33    87    57    80    28    50    88    89    59    51     0     0     0     0     0     0     0     0    -1     0
   43    88    98    81    68    45     9    20    55    91    34    99    86    61     0     0     0     0     0     0     0     0     0    -1
end of matrix
  682   649   715   630   670   618   756   778   783   877
end of restrictions
  -41   -87   -34    -1   -10   -42   -94   -90   -55   -66   -68    -9   -90   -25     0     0     0     0     0     0     0     0     0     0
end of costs